# File generated by CMD 2.5 (http://stev.oapd.inaf.it/cmd) on Thu Feb 20 16:34:28 CET 2014
# PARSEC isochrones, release v1.1
# Basic reference: Bressan et al. (2012), MNRAS, 427, 127
# Warning: the TP-AGB phase is not included! TP-AGB tracks are in preparation by Marigo et al.
# Photometric system: IPHAS
# BCs of Carbon stars derive from Loidl et al. (2001, A&A 342, 531)
# O-rich circumstellar dust ignored
# C-rich circumstellar dust ignored
# IMF: Chabrier (2001) lognormal 
# On RGB, assumed Reimers mass loss with efficiency eta=0.2
# Kind of output: isochrone tables
#	Isochrone  Z = 0.01900	Y = 0.28242	[M/H] = 0.119	eta_R = 0.200	Age = 	1.0000e+09 yr
#      Z	log(age/yr)	M_ini   	M_act	logL/Lo	logTe	logG	mbol    gR      gI      Ha	int_IMF	stage
	0.019000	9.0000	0.10000000	0.1000	-2.9177	3.4932	5.2746	12.064	13.670	11.814	12.872	1.57040203	0
	0.019000	9.0000	0.12000000	0.1200	-2.6710	3.5195	5.2122	11.448	12.655	11.081	11.968	1.74782515	0
	0.019000	9.0000	0.14000000	0.1400	-2.5004	3.5346	5.1691	11.021	12.031	10.600	11.400	1.89584959	0
	0.019000	9.0000	0.16000000	0.1600	-2.3679	3.5450	5.1361	10.690	11.572	10.235	10.978	2.02115250	0
	0.019000	9.0000	0.20000000	0.2000	-2.1667	3.5589	5.0872	10.187	10.918	9.692	10.360	2.22178221	0
	0.019000	9.0000	0.25000000	0.2500	-1.9796	3.5701	5.0418	9.719	10.335	9.194	9.799	2.40809011	0
	0.019000	9.0000	0.32425469	0.3243	-1.7585	3.5809	4.9771	9.166	9.672	8.618	9.162	2.60319281	1
	0.019000	9.0000	0.30548134	0.3055	-1.8153	3.5787	4.9990	9.308	9.831	8.762	9.316	2.56067204	1
	0.019000	9.0000	0.34999999	0.3500	-1.7111	3.5842	4.9760	9.048	9.515	8.493	9.015	2.65552020	1
	0.019000	9.0000	0.39930177	0.3993	-1.5825	3.5887	4.9227	8.726	9.155	8.168	8.666	2.74025917	1
	0.019000	9.0000	0.40000001	0.4000	-1.5811	3.5888	4.9223	8.723	9.151	8.165	8.662	2.74133730	1
	0.019000	9.0000	0.44999999	0.4500	-1.4772	3.5952	4.8952	8.463	8.814	7.895	8.347	2.81098008	1
	0.019000	9.0000	0.50000000	0.5000	-1.3657	3.6026	4.8591	8.184	8.456	7.607	8.013	2.86847806	1
	0.019000	9.0000	0.55000001	0.5500	-1.2434	3.6107	4.8105	7.878	8.096	7.298	7.674	2.91663504	1
	0.019000	9.0000	0.60000002	0.6000	-1.1200	3.6212	4.7671	7.570	7.714	6.982	7.319	2.95739889	1
	0.019000	9.0000	0.68421924	0.6842	-0.9035	3.6430	4.6946	7.029	7.046	6.416	6.693	3.01347804	1
	0.019000	9.0000	0.73421925	0.7342	-0.7722	3.6590	4.6579	6.701	6.641	6.067	6.310	3.04088545	1
	0.019000	9.0000	0.78421926	0.7842	-0.6415	3.6782	4.6327	6.374	6.236	5.718	5.927	3.06489778	1
	0.019000	9.0000	0.83421934	0.8342	-0.5146	3.6973	4.6091	6.056	5.862	5.388	5.572	3.08606935	1
	0.019000	9.0000	0.91843855	0.9184	-0.3163	3.7264	4.5688	5.561	5.311	4.894	5.047	3.11640549	1
	0.019000	9.0000	0.96843857	0.9684	-0.2029	3.7419	4.5405	5.277	5.014	4.624	4.764	3.13186216	1
	0.019000	9.0000	0.99475348	0.9947	-0.1451	3.7493	4.5242	5.133	4.862	4.485	4.620	3.13935781	1
	0.019000	9.0000	1.01843858	1.0184	-0.0943	3.7559	4.5097	5.006	4.733	4.367	4.497	3.14576030	1
	0.019000	9.0000	1.06843853	1.0684	0.0106	3.7685	4.4760	4.743	4.468	4.123	4.245	3.15827346	1
	0.019000	9.0000	1.10945511	1.1094	0.0942	3.7779	4.4464	4.534	4.258	3.929	4.046	3.16763186	1
	0.019000	9.0000	1.11843848	1.1184	0.1122	3.7799	4.4399	4.490	4.214	3.888	4.004	3.16958284	1
	0.019000	9.0000	1.13611472	1.1360	0.1466	3.7836	4.4271	4.403	4.129	3.810	3.923	3.17332435	1
	0.019000	9.0000	1.20265782	1.2026	0.2725	3.7968	4.3790	4.089	3.819	3.521	3.627	3.18634748	1
	0.019000	9.0000	1.23401761	1.2339	0.3302	3.8027	4.3559	3.945	3.677	3.390	3.493	3.19196057	1
	0.019000	9.0000	1.25265777	1.2526	0.3639	3.8061	4.3421	3.860	3.595	3.314	3.416	3.19515324	1
	0.019000	9.0000	1.28490996	1.2848	0.4206	3.8117	4.3189	3.719	3.457	3.186	3.285	3.20043707	1
	0.019000	9.0000	1.30265784	1.3026	0.4512	3.8146	4.3061	3.642	3.383	3.117	3.214	3.20321822	1
	0.019000	9.0000	1.35265779	1.3525	0.5339	3.8230	4.2732	3.435	3.181	2.930	3.025	3.21061015	1
	0.019000	9.0000	1.40265787	1.4025	0.6127	3.8310	4.2423	3.238	2.991	2.755	2.846	3.21740675	1
	0.019000	9.0000	1.48687708	1.4868	0.7353	3.8450	4.2008	2.932	2.697	2.487	2.573	3.22768927	1
	0.019000	9.0000	1.50996709	1.5099	0.7679	3.8489	4.1906	2.850	2.619	2.417	2.501	3.23028207	1
	0.019000	9.0000	1.53687704	1.5368	0.8054	3.8531	4.1778	2.757	2.530	2.336	2.419	3.23319221	1
	0.019000	9.0000	1.58687711	1.5868	0.8729	3.8608	4.1548	2.588	2.369	2.191	2.271	3.23830318	1
	0.019000	9.0000	1.61976743	1.6197	0.9176	3.8654	4.1372	2.476	2.262	2.093	2.172	3.24146628	1
	0.019000	9.0000	1.65506220	1.6550	0.9635	3.8698	4.1185	2.361	2.152	1.992	2.069	3.24469519	1
	0.019000	9.0000	1.66976750	1.6697	0.9826	3.8714	4.1097	2.314	2.106	1.950	2.026	3.24599242	1
	0.019000	9.0000	1.67585230	1.6758	0.9906	3.8721	4.1058	2.293	2.087	1.931	2.008	3.24652147	1
	0.019000	9.0000	1.70265794	1.7026	1.0259	3.8746	4.0877	2.205	2.001	1.851	1.926	3.24879813	1
	0.019000	9.0000	1.73554814	1.7355	1.0684	3.8775	4.0649	2.099	1.899	1.755	1.829	3.25147748	1
	0.019000	9.0000	1.74076498	1.7408	1.0750	3.8779	4.0613	2.082	1.883	1.740	1.813	3.25189137	1
	0.019000	9.0000	1.76843846	1.7684	1.1102	3.8798	4.0406	1.994	1.798	1.659	1.731	3.25403857	1
	0.019000	9.0000	1.78064644	1.7806	1.1258	3.8806	4.0314	1.956	1.760	1.624	1.695	3.25496054	1
	0.019000	9.0000	1.80132890	1.8013	1.1521	3.8817	4.0145	1.890	1.695	1.562	1.632	3.25648880	1
	0.019000	9.0000	1.82081783	1.8208	1.1764	3.8825	3.9978	1.829	1.636	1.504	1.574	3.25789118	1
	0.019000	9.0000	1.84699285	1.8470	1.2090	3.8828	3.9725	1.747	1.554	1.424	1.492	3.25971913	1
	0.019000	9.0000	1.85132897	1.8513	1.2144	3.8828	3.9681	1.734	1.540	1.410	1.479	3.26001596	1
	0.019000	9.0000	1.86834109	1.8683	1.2356	3.8827	3.9508	1.681	1.487	1.357	1.425	3.26116514	1
	0.019000	9.0000	1.88421929	1.8842	1.2553	3.8825	3.9337	1.632	1.437	1.307	1.375	3.26221514	1
	0.019000	9.0000	1.90875685	1.9088	1.2857	3.8817	3.9060	1.556	1.359	1.229	1.296	3.26379728	1
	0.019000	9.0000	1.91710961	1.9171	1.2959	3.8814	3.8962	1.530	1.333	1.202	1.269	3.26432490	1
	0.019000	9.0000	1.92165232	1.9217	1.3015	3.8811	3.8908	1.516	1.318	1.187	1.254	3.26460958	1
	0.019000	9.0000	1.95000005	1.9500	1.3358	3.8787	3.8530	1.431	1.228	1.093	1.159	3.26635003	1
	0.019000	9.0000	1.97877383	1.9788	1.3704	3.8748	3.8093	1.344	1.133	0.992	1.059	3.26805615	1
	0.019000	9.0000	2.00000000	2.0000	1.3953	3.8710	3.7739	1.282	1.066	0.918	0.986	3.26927757	1
	0.019000	9.0000	2.00964785	2.0096	1.4065	3.8692	3.7573	1.254	1.035	0.884	0.952	3.26982212	1
	0.019000	9.0000	2.03763986	2.0376	1.4382	3.8620	3.7030	1.174	0.946	0.782	0.852	3.27136612	1
	0.019000	9.0000	2.04999995	2.0500	1.4518	3.8578	3.6751	1.141	0.907	0.734	0.806	3.27203131	1
	0.019000	9.0000	2.06205797	2.0621	1.4651	3.8535	3.6471	1.107	0.868	0.687	0.760	3.27267051	1
	0.019000	9.0000	2.08018327	2.0802	1.4845	3.8463	3.6027	1.059	0.811	0.617	0.692	3.27361417	1
	0.019000	9.0000	2.09705687	2.0971	1.5022	3.8388	3.5587	1.015	0.760	0.551	0.630	3.27447438	1
	0.019000	9.0000	2.09999990	2.1000	1.5053	3.8373	3.5502	1.007	0.751	0.539	0.618	3.27462268	1
	0.019000	9.0000	2.11137772	2.1114	1.5172	3.8314	3.5172	0.977	0.716	0.493	0.574	3.27519107	1
	0.019000	9.0000	2.12695360	2.1270	1.5365	3.8246	3.4737	0.929	0.661	0.426	0.510	3.27595711	1
	0.019000	9.0000	2.13740373	2.1374	1.5528	3.8217	3.4480	0.888	0.618	0.378	0.463	3.27646303	1
	0.019000	9.0000	2.14486957	2.1449	1.5831	3.8305	3.4544	0.812	0.549	0.326	0.406	3.27682090	1
	0.019000	9.0000	2.14757800	2.1476	1.6034	3.8392	3.4694	0.762	0.505	0.299	0.376	3.27694988	1
	0.019000	9.0000	2.14872336	2.1487	1.6225	3.8487	3.4885	0.714	0.466	0.278	0.351	3.27700424	1
	0.019000	9.0000	2.14935398	2.1494	1.6425	3.8585	3.5078	0.664	0.427	0.260	0.327	3.27703428	1
	0.019000	9.0000	2.14972544	2.1497	1.6640	3.8682	3.5251	0.610	0.385	0.238	0.301	3.27705193	1
	0.019000	9.0000	2.14995837	2.1500	1.6875	3.8776	3.5395	0.551	0.340	0.212	0.270	3.27706289	1
	0.019000	9.0000	2.15000010	2.1500	1.6928	3.8797	3.5424	0.538	0.330	0.207	0.264	3.27706480	1
	0.019000	9.0000	2.15003467	2.1500	1.6972	3.8814	3.5447	0.527	0.323	0.203	0.258	3.27706647	1
	0.019000	9.0000	2.15021110	2.1502	1.7192	3.8903	3.5583	0.472	0.286	0.182	0.233	3.27707481	2
	0.019000	9.0000	2.15031505	2.1503	1.6762	3.8811	3.5648	0.579	0.375	0.254	0.310	3.27707982	2
	0.019000	9.0000	2.15037107	2.1504	1.6525	3.8723	3.5532	0.639	0.419	0.280	0.342	3.27708244	2
	0.019000	9.0000	2.15044427	2.1504	1.6413	3.8608	3.5185	0.667	0.433	0.271	0.337	3.27708602	2
	0.019000	9.0000	2.15052557	2.1505	1.6453	3.8500	3.4711	0.657	0.409	0.225	0.296	3.27708983	2
	0.019000	9.0000	2.15062213	2.1506	1.6533	3.8390	3.4192	0.637	0.379	0.174	0.250	3.27709436	2
	0.019000	9.0000	2.15073299	2.1507	1.6587	3.8279	3.3696	0.623	0.356	0.129	0.210	3.27709961	2
	0.019000	9.0000	2.15085816	2.1509	1.6606	3.8172	3.3248	0.619	0.344	0.097	0.184	3.27710557	2
	0.019000	9.0000	2.15099955	2.1510	1.6595	3.8069	3.2846	0.621	0.341	0.075	0.167	3.27711225	2
	0.019000	9.0000	2.15116715	2.1512	1.6556	3.7969	3.2487	0.631	0.347	0.061	0.160	3.27712011	2
	0.019000	9.0000	2.15137267	2.1514	1.6483	3.7874	3.2179	0.649	0.364	0.060	0.165	3.27712989	2
	0.019000	9.0000	2.15164471	2.1516	1.6349	3.7774	3.1914	0.683	0.396	0.074	0.186	3.27714276	2
	0.019000	9.0000	2.15198088	2.1520	1.6129	3.7668	3.1710	0.738	0.454	0.113	0.232	3.27715874	2
	0.019000	9.0000	2.15226674	2.1523	1.5891	3.7584	3.1615	0.797	0.517	0.160	0.286	3.27717233	2
	0.019000	9.0000	2.15257049	2.1526	1.5583	3.7501	3.1588	0.874	0.598	0.225	0.357	3.27718663	2
	0.019000	9.0000	2.15284562	2.1528	1.5258	3.7427	3.1621	0.956	0.686	0.301	0.439	3.27719975	2
	0.019000	9.0000	2.15308809	2.1531	1.4953	3.7365	3.1676	1.032	0.769	0.372	0.516	3.27721119	2
	0.019000	9.0000	2.15339661	2.1534	1.4595	3.7288	3.1727	1.121	0.866	0.455	0.606	3.27722573	2
	0.019000	9.0000	2.15370512	2.1537	1.4367	3.7215	3.1664	1.178	0.933	0.509	0.666	3.27724028	2
	0.019000	9.0000	2.15416718	2.1542	1.4325	3.7115	3.1309	1.189	0.962	0.519	0.686	3.27726197	2
	0.019000	9.0000	2.15424418	2.1542	1.4358	3.7100	3.1216	1.180	0.956	0.511	0.679	3.27726579	3
	0.019000	9.0000	2.15455484	2.1546	1.4627	3.7047	3.0737	1.113	0.898	0.443	0.617	3.27728033	3
	0.019000	9.0000	2.15494323	2.1549	1.5068	3.6992	3.0075	1.003	0.798	0.333	0.513	3.27729869	3
	0.019000	9.0000	2.15525341	2.1553	1.5462	3.6955	2.9531	0.904	0.710	0.237	0.422	3.27731323	3
	0.019000	9.0000	2.15556312	2.1556	1.5873	3.6920	2.8983	0.802	0.618	0.137	0.326	3.27732801	3
	0.019000	9.0000	2.15586519	2.1559	1.6288	3.6888	2.8439	0.698	0.523	0.036	0.229	3.27734208	3
	0.019000	9.0000	2.15615964	2.1562	1.6706	3.6857	2.7899	0.593	0.427	-0.066	0.130	3.27735591	3
	0.019000	9.0000	2.15644574	2.1564	1.7120	3.6827	2.7367	0.490	0.331	-0.167	0.033	3.27736950	3
	0.019000	9.0000	2.15672803	2.1567	1.7527	3.6800	2.6852	0.388	0.237	-0.267	-0.064	3.27738285	3
	0.019000	9.0000	2.15701008	2.1570	1.7932	3.6774	2.6343	0.287	0.143	-0.366	-0.160	3.27739596	3
	0.019000	9.0000	2.15728331	2.1573	1.8327	3.6748	2.5844	0.188	0.051	-0.463	-0.253	3.27740884	3
	0.019000	9.0000	2.15741992	2.1574	1.8527	3.6735	2.5591	0.138	0.007	-0.511	-0.299	3.27741528	3
	0.019000	9.0000	2.15755749	2.1576	1.8732	3.6721	2.5332	0.087	-0.039	-0.560	-0.346	3.27742171	3
	0.019000	9.0000	2.15782762	2.1578	1.9137	3.6694	2.4820	-0.014	-0.129	-0.657	-0.438	3.27743459	3
	0.019000	9.0000	2.15809345	2.1581	1.9545	3.6666	2.4300	-0.116	-0.220	-0.754	-0.531	3.27744699	3
	0.019000	9.0000	2.15835333	2.1584	1.9952	3.6639	2.3783	-0.218	-0.310	-0.851	-0.624	3.27745914	3
	0.019000	9.0000	2.15860772	2.1586	2.0358	3.6610	2.3264	-0.320	-0.400	-0.948	-0.716	3.27747107	3
	0.019000	9.0000	2.15885925	2.1589	2.0767	3.6581	2.2738	-0.422	-0.490	-1.046	-0.809	3.27748299	3
	0.019000	9.0000	2.15910435	2.1591	2.1171	3.6551	2.2216	-0.523	-0.580	-1.142	-0.900	3.27749443	3
	0.019000	9.0000	2.15937662	2.1594	2.1629	3.6517	2.1624	-0.637	-0.680	-1.251	-1.004	3.27750731	3
	0.019000	9.0000	2.15961337	2.1596	2.2036	3.6488	2.1098	-0.739	-0.768	-1.346	-1.094	3.27751827	3
	0.019000	9.0000	2.15985775	2.1599	2.2461	3.6456	2.0546	-0.845	-0.856	-1.445	-1.185	3.27752972	3
	0.019000	9.0000	2.16010618	2.1601	2.2903	3.6422	1.9969	-0.956	-0.947	-1.547	-1.280	3.27754140	3
	0.019000	9.0000	2.16034818	2.1603	2.3341	3.6389	1.9398	-1.065	-1.038	-1.648	-1.375	3.27755284	3
	0.019000	9.0000	2.16060591	2.1606	2.3796	3.6354	1.8804	-1.179	-1.132	-1.753	-1.472	3.27756476	3
	0.019000	9.0000	2.16086912	2.1609	2.4237	3.6319	1.8223	-1.289	-1.223	-1.854	-1.567	3.27757716	3
	0.019000	9.0000	2.16116357	2.1612	2.4657	3.6286	1.7675	-1.394	-1.309	-1.951	-1.657	3.27759099	3
	0.019000	9.0000	2.16131115	2.1613	2.4823	3.6274	1.7459	-1.436	-1.344	-1.989	-1.693	3.27759790	4
	0.019000	9.0000	2.16137338	2.1614	2.4510	3.6299	1.7871	-1.357	-1.280	-1.917	-1.626	3.27760077	4
	0.019000	9.0000	2.16139722	2.1614	2.4284	3.6316	1.8166	-1.301	-1.233	-1.865	-1.577	3.27760196	4
	0.019000	9.0000	2.16141915	2.1614	2.3961	3.6341	1.8591	-1.220	-1.166	-1.791	-1.508	3.27760291	4
	0.019000	9.0000	2.16144776	2.1614	2.3480	3.6380	1.9226	-1.100	-1.068	-1.680	-1.405	3.27760434	4
	0.019000	9.0000	2.16148400	2.1615	2.2991	3.6417	1.9866	-0.978	-0.967	-1.567	-1.300	3.27760601	4
	0.019000	9.0000	2.16153193	2.1615	2.2503	3.6455	2.0506	-0.856	-0.866	-1.455	-1.196	3.27760816	4
	0.019000	9.0000	2.16159391	2.1616	2.2018	3.6493	2.1140	-0.734	-0.766	-1.343	-1.091	3.27761102	4
	0.019000	9.0000	2.16166973	2.1617	2.1535	3.6529	2.1768	-0.614	-0.661	-1.229	-0.984	3.27761459	4
	0.019000	9.0000	2.16175985	2.1618	2.1059	3.6565	2.2387	-0.495	-0.557	-1.116	-0.877	3.27761889	4
	0.019000	9.0000	2.16186595	2.1619	2.0589	3.6600	2.3001	-0.377	-0.454	-1.004	-0.771	3.27762389	4
	0.019000	9.0000	2.16199517	2.1620	2.0124	3.6635	2.3604	-0.261	-0.352	-0.894	-0.666	3.27762985	4
	0.019000	9.0000	2.16216683	2.1622	1.9660	3.6669	2.4203	-0.145	-0.250	-0.783	-0.561	3.27763796	4
	0.019000	9.0000	2.16242671	2.1624	1.9200	3.6703	2.4801	-0.030	-0.149	-0.674	-0.457	3.27765012	4
	0.019000	9.0000	2.16271114	2.1627	1.8810	3.6731	2.5306	0.068	-0.063	-0.581	-0.369	3.27766347	4
	0.019000	9.0000	2.16298652	2.1630	1.8444	3.6758	2.5777	0.159	0.019	-0.493	-0.285	3.27767634	4
	0.019000	9.0000	2.16324687	2.1632	1.8090	3.6783	2.6234	0.247	0.100	-0.407	-0.202	3.27768850	4
	0.019000	9.0000	2.16361380	2.1636	1.7648	3.6816	2.6807	0.358	0.202	-0.299	-0.097	3.27770543	4
	0.019000	9.0000	2.16410637	2.1641	1.7192	3.6849	2.7397	0.472	0.307	-0.188	0.010	3.27772856	4
	0.019000	9.0000	2.16479182	2.1648	1.6745	3.6883	2.7982	0.584	0.409	-0.078	0.115	3.27776051	4
	0.019000	9.0000	2.16597939	2.1660	1.6251	3.6923	2.8639	0.707	0.522	0.042	0.230	3.27781582	4
	0.019000	9.0000	2.16693258	2.1669	1.6058	3.6940	2.8902	0.756	0.565	0.089	0.275	3.27786016	5
	0.019000	9.0000	2.19300342	2.1930	1.6379	3.6944	2.8649	0.675	0.483	0.008	0.194	3.27905488	5
	0.019000	9.0000	2.20000005	2.2000	1.6470	3.6945	2.8575	0.653	0.460	-0.015	0.171	3.27936959	5
	0.019000	9.0000	2.20279574	2.2028	1.6507	3.6945	2.8543	0.643	0.451	-0.024	0.162	3.27949452	5
	0.019000	9.0000	2.23255038	2.2326	1.6937	3.6947	2.8180	0.536	0.342	-0.132	0.053	3.28080106	5
	0.019000	9.0000	2.25000000	2.2500	1.7218	3.6946	2.7928	0.465	0.272	-0.202	-0.017	3.28154731	5
	0.019000	9.0000	2.27536869	2.2754	1.7669	3.6938	2.7493	0.353	0.161	-0.315	-0.128	3.28260684	5
	0.019000	9.0000	2.29999995	2.3000	1.8166	3.6918	2.6963	0.229	0.042	-0.437	-0.249	3.28360772	5
	0.019000	9.0000	2.31471157	2.3147	1.8486	3.6902	2.6605	0.148	-0.033	-0.516	-0.326	3.28419280	5
	0.019000	9.0000	2.31603694	2.3160	1.8504	3.6901	2.6586	0.144	-0.037	-0.521	-0.330	3.28424525	6
	0.019000	9.0000	2.32676983	2.3268	1.8894	3.6867	2.6082	0.047	-0.126	-0.615	-0.421	3.28466558	6
	0.019000	9.0000	2.33027363	2.3303	1.9137	3.6842	2.5744	-0.014	-0.179	-0.674	-0.476	3.28480196	7
	0.019000	9.0000	2.33108354	2.3311	1.9355	3.6819	2.5437	-0.069	-0.228	-0.727	-0.526	3.28483343	7
	0.019000	9.0000	2.33219147	2.3322	2.0005	3.6758	2.4546	-0.231	-0.373	-0.884	-0.677	3.28487635	7
	0.019000	9.0000	2.33269238	2.3327	2.0989	3.6675	2.3231	-0.477	-0.586	-1.118	-0.897	3.28489566	7
	0.019000	9.0000	2.33292747	2.3329	2.0969	3.6676	2.3253	-0.472	-0.581	-1.113	-0.892	3.28490472	7
	0.019000	9.0000	2.33304930	2.3330	2.1116	3.6663	2.3057	-0.509	-0.613	-1.147	-0.924	3.28490949	7
	0.019000	9.0000	2.33312821	2.3331	2.1282	3.6649	2.2834	-0.551	-0.649	-1.187	-0.961	3.28491259	7
	0.019000	9.0000	2.33318043	2.3332	2.1416	3.6638	2.2656	-0.584	-0.678	-1.218	-0.991	3.28491449	7
	0.019000	9.0000	2.33323026	2.3332	2.1510	3.6630	2.2531	-0.608	-0.698	-1.241	-1.012	3.28491640	7
	0.019000	9.0000	2.33338976	2.3334	2.1547	3.6627	2.2482	-0.617	-0.706	-1.249	-1.020	3.28492260	7
	0.019000	9.0000	2.33362031	2.3336	2.1454	3.6635	2.2605	-0.594	-0.686	-1.227	-1.000	3.28493166	7
	0.019000	9.0000	2.33665037	2.3367	2.1814	3.6605	2.2130	-0.684	-0.764	-1.312	-1.080	3.28504848	7
	0.019000	9.0000	2.33821702	2.3382	2.2302	3.6566	2.1490	-0.805	-0.869	-1.427	-1.189	3.28510880	7
	0.019000	9.0000	2.33932543	2.3393	2.2815	3.6524	2.0813	-0.934	-0.981	-1.549	-1.303	3.28515148	7
	0.019000	9.0000	2.34013724	2.3401	2.3300	3.6484	2.0170	-1.055	-1.083	-1.662	-1.409	3.28518271	7
	0.019000	9.0000	2.34077621	2.3408	2.3762	3.6447	1.9560	-1.171	-1.178	-1.768	-1.508	3.28520727	7
	0.019000	9.0000	2.34130454	2.3413	2.4210	3.6410	1.8966	-1.282	-1.269	-1.871	-1.603	3.28522754	7
	0.019000	9.0000	2.34175491	2.3418	2.4647	3.6375	1.8387	-1.392	-1.358	-1.971	-1.696	3.28524470	7
	0.019000	9.0000	2.34214997	2.3421	2.5077	3.6340	1.7820	-1.499	-1.446	-2.070	-1.787	3.28525996	7
	0.019000	9.0000	2.34250712	2.3425	2.5504	3.6304	1.7251	-1.606	-1.533	-2.168	-1.878	3.28527355	7
	0.019000	9.0000	2.34283566	2.3428	2.5933	3.6269	1.6681	-1.713	-1.620	-2.266	-1.969	3.28528619	7
	0.019000	9.0000	2.34314322	2.3431	2.6359	3.6234	1.6115	-1.820	-1.703	-2.363	-2.057	3.28529787	7
	0.019000	9.0000	2.34343505	2.3434	2.6785	3.6198	1.5546	-1.926	-1.781	-2.457	-2.141	3.28530908	7
	0.019000	9.0000	2.34371233	2.3437	2.7201	3.6163	1.4991	-2.030	-1.857	-2.549	-2.223	3.28531981	7
	0.019000	9.0000	2.34398222	2.3440	2.7615	3.6128	1.4437	-2.134	-1.932	-2.641	-2.304	3.28533006	7
	0.019000	9.0000	2.34423256	2.3442	2.8033	3.6093	1.3877	-2.238	-2.009	-2.733	-2.387	3.28533959	7
	0.019000	9.0000	2.34443092	2.3444	2.8453	3.6056	1.3313	-2.343	-2.085	-2.826	-2.469	3.28534722	7
	0.019000	9.0000	2.34455061	2.3446	2.8811	3.6025	1.2831	-2.433	-2.150	-2.905	-2.539	3.28535175	7
	0.019000	9.0000	2.34461570	2.3446	2.9051	3.6004	1.2506	-2.493	-2.194	-2.958	-2.587	3.28535438	8
